Нормовані значення Х:
q   X11   X12   X21   X22   X31   X32
1       0.000   0.667   0.000   0.556   0.000   0.250
2       0.050   0.600   0.100   0.506   0.090   0.300
3       0.100   0.533   0.153   0.450   0.140   0.350
4       0.150   0.467   0.205   0.394   0.190   0.400
5       0.200   0.400   0.258   0.339   0.240   0.450
6       0.250   0.333   0.311   0.283   0.290   0.500
7       0.300   0.267   0.363   0.228   0.340   0.200
8       0.350   0.200   0.416   0.172   0.390   0.150
9       0.400   0.133   0.468   0.117   0.440   0.100
10       0.450   0.067   0.521   0.061   0.490   0.050
11       0.500   0.000   0.526   0.000   0.500   0.000
12       1.000   1.000   0.947   0.611   1.000   0.600
13       0.600   0.867   0.737   0.833   0.800   0.850
14       0.400   0.067   0.368   0.333   0.250   0.300
15       0.350   0.133   0.316   0.389   0.200   0.350
16       0.300   0.200   0.263   0.444   0.150   0.400
17       0.250   0.267   0.211   0.500   0.100   0.450
18       0.200   0.333   0.158   0.556   0.050   0.500
19       0.150   0.400   0.105   1.000   0.000   0.550
20       0.100   0.467   0.053   0.000   0.550   0.600
21       0.050   0.533   0.000   0.056   0.150   0.250
22       0.000   0.600   0.579   0.111   0.200   0.200
23       0.450   0.667   0.789   0.167   0.250   0.150
24       0.900   0.733   1.000   0.222   0.300   0.100
25       0.050   0.800   1.000   0.722   0.350   0.050
26       0.000   0.867   0.105   0.278   0.400   0.000
27       0.350   0.400   0.263   0.222   0.150   0.100
28       0.300   0.333   0.211   0.167   0.200   0.200
29       0.250   0.267   0.158   0.111   0.250   0.300
30       0.200   0.200   0.105   0.056   0.300   0.400
31       0.150   0.133   0.053   0.000   0.350   0.500
32       0.100   0.067   0.000   0.833   0.400   0.600
33       0.050   0.000   0.211   0.722   0.450   0.700
34       0.000   0.200   0.684   0.611   0.500   0.800
35       0.250   0.267   0.263   0.500   0.550   0.900
36       0.200   0.333   0.211   0.389   0.600   1.000
37       0.150   0.400   0.158   0.278   0.650   0.400
38       0.100   0.467   0.132   0.167   0.700   0.150
39       0.050   0.533   0.074   0.056   0.750   0.200
40       0.000   0.600   0.016   0.000   0.800   0.050


Нормовані значення Y:
q    Y1    Y2    Y3    Y4    Y5
1       0.064   0.064   0.064   0.064   0.064
2       0.073   0.073   0.073   0.073   0.073
3       0.074   0.074   0.074   0.074   0.074
4       0.078   0.078   0.078   0.078   0.078
5       0.085   0.085   0.085   0.085   0.085
6       0.095   0.095   0.095   0.095   0.095
7       0.062   0.062   0.062   0.062   0.062
8       0.065   0.065   0.065   0.065   0.065
9       0.071   0.071   0.071   0.071   0.071
10       0.080   0.080   0.080   0.080   0.080
11       0.066   0.066   0.066   0.066   0.066
12       1.000   1.000   1.000   1.000   1.000
13       0.792   0.792   0.792   0.792   0.792
14       0.014   0.014   0.014   0.014   0.014
15       0.019   0.019   0.019   0.019   0.019
16       0.028   0.028   0.028   0.028   0.028
17       0.039   0.039   0.039   0.039   0.039
18       0.054   0.054   0.054   0.054   0.054
19       0.179   0.179   0.179   0.179   0.179
20       0.200   0.200   0.200   0.200   0.200
21       0.000   0.000   0.000   0.000   0.000
22       0.069   0.069   0.069   0.069   0.069
23       0.197   0.197   0.197   0.197   0.197
24       0.328   0.328   0.328   0.328   0.328
25       0.300   0.300   0.300   0.300   0.300
26       0.170   0.170   0.170   0.170   0.170
27       0.027   0.027   0.027   0.027   0.027
28       0.016   0.016   0.016   0.016   0.016
29       0.008   0.008   0.008   0.008   0.008
30       0.002   0.002   0.002   0.002   0.002
31       0.000   0.000   0.000   0.000   0.000
32       0.133   0.133   0.133   0.133   0.133
33       0.128   0.128   0.128   0.128   0.128
34       0.230   0.230   0.230   0.230   0.230
35       0.277   0.277   0.277   0.277   0.277
36       0.307   0.307   0.307   0.307   0.307
37       0.252   0.252   0.252   0.252   0.252
38       0.251   0.251   0.251   0.251   0.251
39       0.292   0.292   0.292   0.292   0.292
40       0.314   0.314   0.314   0.314   0.314


Лямбди:
1       0.063   0.119   0.063   0.119
2       0.063   0.119   0.119   0.063
3       0.063   0.119   0.063   0.175


PSI:
q   PSI11   PSI12   PSI21   PSI22   PSI31   PSI32
1       -0.056   -0.056   0.103   0.126   -0.056   -0.112
2       -0.044   -0.032   0.087   0.120   -0.032   -0.080
3       -0.032   -0.019   0.071   0.113   -0.019   -0.063
4       -0.020   -0.007   0.055   0.106   -0.007   -0.045
5       -0.008   0.006   0.040   0.098   0.006   -0.028
6       0.004   0.018   0.024   0.091   0.018   -0.010
7       0.016   0.031   0.008   0.084   0.031   0.007
8       0.028   0.043   -0.008   0.077   0.043   0.025
9       0.040   0.056   -0.024   0.070   0.056   0.042
10       0.051   0.068   -0.040   0.063   0.068   0.060
11       0.063   0.070   -0.056   0.056   0.070   0.063
12       0.182   0.170   0.182   0.133   0.170   0.238
13       0.087   0.120   0.150   0.161   0.120   0.168
14       0.040   0.032   -0.040   0.098   0.032   -0.024
15       0.028   0.019   -0.024   0.105   0.019   -0.042
16       0.016   0.007   -0.008   0.112   0.007   -0.059
17       0.004   -0.006   0.008   0.119   -0.006   -0.077
18       -0.008   -0.018   0.024   0.126   -0.018   -0.094
19       -0.020   -0.031   0.040   0.182   -0.031   -0.112
20       -0.032   -0.043   0.055   0.056   -0.043   0.081
21       -0.044   -0.056   0.071   0.063   -0.056   -0.059
22       -0.056   0.082   0.087   0.070   0.082   -0.042
23       0.051   0.132   0.103   0.077   0.132   -0.024
24       0.158   0.182   0.119   0.084   0.182   -0.007
25       -0.044   0.182   0.135   0.147   0.182   0.011
26       -0.056   -0.031   0.150   0.091   -0.031   0.028
27       0.028   0.007   0.040   0.084   0.007   -0.059
28       0.016   -0.006   0.024   0.077   -0.006   -0.042
29       0.004   -0.018   0.008   0.070   -0.018   -0.024
30       -0.008   -0.031   -0.008   0.063   -0.031   -0.007
31       -0.020   -0.043   -0.024   0.056   -0.043   0.011
32       -0.032   -0.056   -0.040   0.161   -0.056   0.028
33       -0.044   -0.006   -0.056   0.147   -0.006   0.046
34       -0.056   0.107   -0.008   0.133   0.107   0.063
35       0.004   0.007   0.008   0.119   0.007   0.081
36       -0.008   -0.006   0.024   0.105   -0.006   0.098
37       -0.020   -0.018   0.040   0.091   -0.018   0.116
38       -0.032   -0.024   0.055   0.077   -0.024   0.133
39       -0.044   -0.038   0.071   0.063   -0.038   0.151
40       -0.056   -0.052   0.087   0.056   -0.052   0.168


PSI через поліном:
PSI11 = 0.0633 * T0(x11) + 0.1189 * T1(x11)
PSI12 = 0.0633 * T0(x12) + 0.1189 * T1(x12)
PSI21 = 0.0633 * T0(x21) + 0.1189 * T1(x21)
PSI22 = 0.1189 * T0(x22) + 0.0633 * T1(x22)
PSI31 = 0.0633 * T0(x31) + 0.1189 * T1(x31)
PSI32 = 0.0633 * T0(x32) + 0.1749 * T1(x32)


a:
0.987   0.029   1.324   0.998   0.029   1.441


Ф(xi):
q    Ф1    Ф2    Ф3
1       -0.056   0.262   -0.162
2       -0.044   0.235   -0.116
3       -0.032   0.207   -0.091
4       -0.020   0.179   -0.065
5       -0.008   0.151   -0.040
6       0.004   0.123   -0.014
7       0.016   0.095   0.011
8       0.029   0.067   0.037
9       0.041   0.039   0.063
10       0.053   0.011   0.088
11       0.064   -0.018   0.093
12       0.185   0.374   0.348
13       0.089   0.360   0.246
14       0.040   0.045   -0.034
15       0.028   0.073   -0.059
16       0.016   0.101   -0.085
17       0.004   0.129   -0.111
18       -0.008   0.157   -0.136
19       -0.021   0.234   -0.162
20       -0.033   0.129   0.115
21       -0.045   0.157   -0.087
22       -0.052   0.185   -0.058
23       0.055   0.213   -0.031
24       0.162   0.241   -0.004
25       -0.038   0.325   0.021
26       -0.056   0.290   0.040
27       0.027   0.136   -0.085
28       0.015   0.108   -0.060
29       0.003   0.080   -0.035
30       -0.009   0.052   -0.010
31       -0.021   0.024   0.014
32       -0.033   0.108   0.039
33       -0.043   0.073   0.066
34       -0.052   0.122   0.094
35       0.004   0.129   0.117
36       -0.008   0.136   0.141
37       -0.020   0.143   0.166
38       -0.032   0.150   0.191
39       -0.044   0.157   0.216
40       -0.056   0.171   0.241


Ф(Xi) через поліном:
Ф1 = 0.9868 * PSI(x11) + 0.0288 * PSI(x12)
Ф2 = 1.3240 * PSI(x21) + 0.9981 * PSI(x22)
Ф3 = 0.0288 * PSI(x31) + 1.4407 * PSI(x32)


c:
1.000   1.000   1.000


Ф4(x1, x2, x3):
0.043   0.074   0.084   0.094   0.103   0.113   0.123   0.132   0.142   0.151   0.140   0.907   0.695   0.051   0.041   0.032   0.022   0.013   0.052   0.211   0.025   0.075   0.236   0.398   0.308   0.274   0.078   0.063   0.048   0.033   0.017   0.114   0.096   0.165   0.250   0.269   0.289   0.309   0.329   0.355


Ф4(x1, x2, x3) = 1.0000 * Ф(x1) + 1.0000 * Ф(x2) + 1.0000 * Ф(x3)


Ф4(x1, x2, x3) через поліном:
0.06246757295473704*T0(x11) + 0.11732512648136395*T1(x11) + 0.0018225432552566093*T0(x12) + 0.0034230578814975926*T1(x12) + 0.08381382773999205*T0(x21) + 0.15741716022178392*T1(x21) + 0.11866477492481492*T0(x22) + 0.06318084375515902*T1(x22) + 0.001822543255256747*T0(x31) + 0.003423057881497851*T1(x31) + 0.0911967914686374*T0(x32) + 0.25193823583012037*T1(x32)

Ф4(x1, x2, x3) у вигляді багаточлену (у нормованому вигляді):
0.0624675729547370 + 0.234650252962728*x11 - 0.117325126481364 + 0.00182254325525661 + 0.00684611576299519*x12 - 0.00342305788149759 + 0.0838138277399920 + 0.314834320443568*x21 - 0.157417160221784 + 0.118664774924815 + 0.126361687510318*x22 - 0.063180843755159 + 0.00182254325525675 + 0.0068461157629957*x31 - 0.00342305788149785 + 0.0911967914686374 + 0.503876471660241*x32 - 0.25193823583012

Ф4(x1, x2, x3) у вигляді багаточлену (у ненормованому вигляді):
0.0658943911817800 + 0.137807484721413*x11 - 0.0689037423607067 + 0.00182546026239360 + 0.00365604381892483*x12 - 0.00182802190946242 + 0.0899828047697103 + 0.190800510644271*x21 - 0.0954002553221355 + 0.0697648319593502 + 0.133372730682622*x22 - 0.066686365341311 + 0.00182546026239374 + 0.00365604381892511*x31 - 0.00182802190946255 + 0.105855895450439 + 0.26338741477171*x32 - 0.131693707385855