Нормовані значення Х:
q   X11   X12   X21   X22   X31   X32
1       0.000   0.667   0.000   0.556   0.000   0.250
2       0.050   0.600   0.100   0.506   0.090   0.300
3       0.100   0.533   0.153   0.450   0.140   0.350
4       0.150   0.467   0.205   0.394   0.190   0.400
5       0.200   0.400   0.258   0.339   0.240   0.450
6       0.250   0.333   0.311   0.283   0.290   0.500
7       0.300   0.267   0.363   0.228   0.340   0.200
8       0.350   0.200   0.416   0.172   0.390   0.150
9       0.400   0.133   0.468   0.117   0.440   0.100
10       0.450   0.067   0.521   0.061   0.490   0.050
11       0.500   0.000   0.526   0.000   0.500   0.000
12       1.000   1.000   0.947   0.611   1.000   0.600
13       0.600   0.867   0.737   0.833   0.800   0.850
14       0.400   0.067   0.368   0.333   0.250   0.300
15       0.350   0.133   0.316   0.389   0.200   0.350
16       0.300   0.200   0.263   0.444   0.150   0.400
17       0.250   0.267   0.211   0.500   0.100   0.450
18       0.200   0.333   0.158   0.556   0.050   0.500
19       0.150   0.400   0.105   1.000   0.000   0.550
20       0.100   0.467   0.053   0.000   0.550   0.600
21       0.050   0.533   0.000   0.056   0.150   0.250
22       0.000   0.600   0.579   0.111   0.200   0.200
23       0.450   0.667   0.789   0.167   0.250   0.150
24       0.900   0.733   1.000   0.222   0.300   0.100
25       0.050   0.800   1.000   0.722   0.350   0.050
26       0.000   0.867   0.105   0.278   0.400   0.000
27       0.350   0.400   0.263   0.222   0.150   0.100
28       0.300   0.333   0.211   0.167   0.200   0.200
29       0.250   0.267   0.158   0.111   0.250   0.300
30       0.200   0.200   0.105   0.056   0.300   0.400
31       0.150   0.133   0.053   0.000   0.350   0.500
32       0.100   0.067   0.000   0.833   0.400   0.600
33       0.050   0.000   0.211   0.722   0.450   0.700
34       0.000   0.200   0.684   0.611   0.500   0.800
35       0.250   0.267   0.263   0.500   0.550   0.900
36       0.200   0.333   0.211   0.389   0.600   1.000
37       0.150   0.400   0.158   0.278   0.650   0.400
38       0.100   0.467   0.132   0.167   0.700   0.150
39       0.050   0.533   0.074   0.056   0.750   0.200
40       0.000   0.600   0.016   0.000   0.800   0.050


Нормовані значення Y:
q    Y1    Y2    Y3    Y4    Y5
1       0.064   0.064   0.064   0.064   0.064
2       0.073   0.073   0.073   0.073   0.073
3       0.074   0.074   0.074   0.074   0.074
4       0.078   0.078   0.078   0.078   0.078
5       0.085   0.085   0.085   0.085   0.085
6       0.095   0.095   0.095   0.095   0.095
7       0.062   0.062   0.062   0.062   0.062
8       0.065   0.065   0.065   0.065   0.065
9       0.071   0.071   0.071   0.071   0.071
10       0.080   0.080   0.080   0.080   0.080
11       0.066   0.066   0.066   0.066   0.066
12       1.000   1.000   1.000   1.000   1.000
13       0.792   0.792   0.792   0.792   0.792
14       0.014   0.014   0.014   0.014   0.014
15       0.019   0.019   0.019   0.019   0.019
16       0.028   0.028   0.028   0.028   0.028
17       0.039   0.039   0.039   0.039   0.039
18       0.054   0.054   0.054   0.054   0.054
19       0.179   0.179   0.179   0.179   0.179
20       0.200   0.200   0.200   0.200   0.200
21       0.000   0.000   0.000   0.000   0.000
22       0.069   0.069   0.069   0.069   0.069
23       0.197   0.197   0.197   0.197   0.197
24       0.328   0.328   0.328   0.328   0.328
25       0.300   0.300   0.300   0.300   0.300
26       0.170   0.170   0.170   0.170   0.170
27       0.027   0.027   0.027   0.027   0.027
28       0.016   0.016   0.016   0.016   0.016
29       0.008   0.008   0.008   0.008   0.008
30       0.002   0.002   0.002   0.002   0.002
31       0.000   0.000   0.000   0.000   0.000
32       0.133   0.133   0.133   0.133   0.133
33       0.128   0.128   0.128   0.128   0.128
34       0.230   0.230   0.230   0.230   0.230
35       0.277   0.277   0.277   0.277   0.277
36       0.307   0.307   0.307   0.307   0.307
37       0.252   0.252   0.252   0.252   0.252
38       0.251   0.251   0.251   0.251   0.251
39       0.292   0.292   0.292   0.292   0.292
40       0.314   0.314   0.314   0.314   0.314


Лямбди:
1       0.048   0.088   0.048   0.088
2       0.048   0.088   0.088   0.048
3       0.048   0.088   0.048   0.145   0.048   0.040   0.048   0.074   0.048   -0.524


PSI:
q   PSI11   PSI12   PSI21   PSI22   PSI31   PSI32
1       0.048   0.048   0.165   0.142   1.403   -17.023
2       0.057   0.066   0.154   0.137   1.098   -16.794
3       0.066   0.075   0.142   0.131   0.914   -16.402
4       0.075   0.084   0.130   0.126   0.715   -15.824
5       0.084   0.094   0.119   0.121   0.503   -15.065
6       0.092   0.103   0.107   0.115   0.280   -14.128
7       0.101   0.112   0.095   0.110   0.046   -13.021
8       0.110   0.121   0.084   0.104   -0.195   -11.751
9       0.119   0.131   0.072   0.099   -0.441   -10.327
10       0.127   0.140   0.060   0.094   -0.692   -8.759
11       0.136   0.141   0.048   0.088   -0.717   -8.429
12       0.224   0.215   0.224   0.147   -2.525   12.132
13       0.154   0.178   0.201   0.168   -1.702   3.378
14       0.119   0.113   0.060   0.120   0.023   -14.891
15       0.110   0.104   0.072   0.125   0.257   -15.687
16       0.101   0.095   0.084   0.131   0.481   -16.301
17       0.092   0.085   0.095   0.136   0.695   -16.731
18       0.084   0.076   0.107   0.142   0.895   -16.972
19       0.075   0.067   0.119   0.185   1.081   -17.023
20       0.066   0.058   0.130   0.088   1.250   -6.703
21       0.057   0.048   0.142   0.093   1.403   -16.301
22       0.048   0.150   0.154   0.099   -0.968   -15.687
23       0.127   0.187   0.165   0.104   -1.931   -14.891
24       0.206   0.224   0.177   0.109   -2.681   -13.920
25       0.057   0.224   0.189   0.158   -2.681   -12.780
26       0.048   0.067   0.201   0.115   1.081   -11.478
27       0.110   0.095   0.119   0.109   0.481   -16.301
28       0.101   0.085   0.107   0.104   0.695   -15.687
29       0.092   0.076   0.095   0.099   0.895   -14.891
30       0.084   0.067   0.084   0.093   1.081   -13.920
31       0.075   0.058   0.072   0.088   1.250   -12.780
32       0.066   0.048   0.060   0.168   1.403   -11.478
33       0.057   0.085   0.048   0.158   0.695   -10.024
34       0.048   0.169   0.084   0.147   -1.464   -8.429
35       0.092   0.095   0.095   0.136   0.481   -6.703
36       0.084   0.085   0.107   0.125   0.695   -4.861
37       0.075   0.076   0.119   0.115   0.895   -2.915
38       0.066   0.071   0.130   0.104   0.990   -0.882
39       0.057   0.061   0.142   0.093   1.184   1.222
40       0.048   0.051   0.154   0.088   1.359   3.378


PSI через поліном:
PSI11 = 0.0484 * T0(x11) + 0.0878 * T1(x11)
PSI12 = 0.0484 * T0(x12) + 0.0878 * T1(x12)
PSI21 = 0.0484 * T0(x21) + 0.0878 * T1(x21)
PSI22 = 0.0878 * T0(x22) + 0.0484 * T1(x22)
PSI31 = 0.0484 * T0(x31) + 0.0878 * T1(x31) + 0.0484 * T2(x31) + 0.1453 * T3(x31) + 0.0484 * T4(x31)
PSI32 = 0.0405 * T0(x32) + 0.0484 * T1(x32) + 0.0743 * T2(x32) + 0.0484 * T3(x32) - 0.5240 * T4(x32)


a:
1.068   -1.596   1.391   2.393   -0.081   0.019


Ф(xi):
q    Ф1    Ф2    Ф3
1       -0.026   0.569   -0.437
2       -0.044   0.541   -0.408
3       -0.050   0.512   -0.385
4       -0.055   0.483   -0.358
5       -0.060   0.454   -0.326
6       -0.066   0.425   -0.290
7       -0.071   0.395   -0.251
8       -0.077   0.366   -0.207
9       -0.082   0.337   -0.160
10       -0.087   0.308   -0.110
11       -0.079   0.277   -0.101
12       -0.104   0.663   0.435
13       -0.120   0.682   0.203
14       -0.054   0.371   -0.284
15       -0.048   0.400   -0.318
16       -0.043   0.429   -0.348
17       -0.038   0.458   -0.374
18       -0.032   0.488   -0.394
19       -0.027   0.607   -0.410
20       -0.022   0.391   -0.229
21       -0.016   0.421   -0.423
22       -0.188   0.450   -0.218
23       -0.163   0.479   -0.125
24       -0.137   0.508   -0.046
25       -0.297   0.640   -0.024
26       -0.055   0.554   -0.305
27       -0.034   0.427   -0.348
28       -0.028   0.397   -0.354
29       -0.023   0.368   -0.355
30       -0.018   0.339   -0.352
31       -0.012   0.310   -0.344
32       -0.007   0.487   -0.332
33       -0.075   0.445   -0.246
34       -0.217   0.468   -0.041
35       -0.052   0.458   -0.166
36       -0.047   0.449   -0.149
37       -0.042   0.440   -0.128
38       -0.044   0.430   -0.097
39       -0.037   0.421   -0.073
40       -0.030   0.424   -0.047


Ф(Xi) через поліном:
Ф1 = 1.0680 * PSI(x11) - 1.5965 * PSI(x12)
Ф2 = 1.3912 * PSI(x21) + 2.3925 * PSI(x22)
Ф3 = -0.0813 * PSI(x31) + 0.0189 * PSI(x32)


c:
1.000   1.000   1.000


Ф1(x1, x2, x3):
0.107   0.089   0.077   0.070   0.067   0.068   0.074   0.083   0.095   0.111   0.097   0.995   0.765   0.033   0.033   0.038   0.047   0.061   0.169   0.141   -0.019   0.043   0.191   0.325   0.319   0.193   0.045   0.015   -0.010   -0.030   -0.046   0.148   0.123   0.210   0.240   0.253   0.270   0.289   0.311   0.348


Ф1(x1, x2, x3) = 1.0000 * Ф(x1) + 1.0000 * Ф(x2) + 1.0000 * Ф(x3)


Ф1(x1, x2, x3) через поліном:
0.05167257739842681*T0(x11) + 0.09381045802210186*T1(x11) + -0.07723862831953862*T0(x12) + -0.14022507613245952*T1(x12) + 0.06730563753740847*T0(x21) + 0.12219194402031304*T1(x21) + 0.21014431410674897*T0(x22) + 0.11575146912684274*T1(x22) + -0.0039357587323151704*T0(x31) + -0.0071452857188852754*T1(x31) + -0.0039357587323151704*T2(x31) + -0.011824059055387057*T3(x31) + -0.0039357587323151704*T4(x31) + 0.0007674301435412898*T0(x32) + 0.0009168017280678361*T1(x32) + 0.0014082328158835746*T2(x32) + 0.0009168017280678361*T3(x32) + -0.009928792693941155*T4(x32)

Ф1(x1, x2, x3) у вигляді багаточлену (у нормованому вигляді):
0.0516725773984268 + 0.187620916044204*x11 + -0.0772386283195386 + -0.280450152264919*x12 + 0.0673056375374085 + 0.244383888040626*x21 + 0.210144314106749 + 0.231502938253685*x22 + -0.00393575873231517 + -0.0142905714377706*x31 + 0.0157430349292607 - 0.0157430349292607*x31^2 + -0.0945924724430965*x31^3 + 0.236481181107741*x31 + -0.0629721397170427*x31^4 + 0.283374628726692*x31^2 - 0.125944279434085 + 0.000767430143541290 + 0.00183360345613567*x32 + 0.0056329312635343*x32^2 - 0.0056329312635343 + 0.00733441382454269*x32^3 - 0.0183360345613567*x32 + -0.158860683103058*x32^4 + 0.714873073963763*x32^2 - 0.317721366206117

Ф1(x1, x2, x3) у вигляді багаточлену (у ненормованому вигляді):
0.0538499502963593 + 0.111251102559629*x11 + -0.145090062964250 + -0.298114711144679*x12 + 0.0709997953873139 + 0.148024604053299*x21 + 0.135587588791730 + 0.253355159216658*x22 + -0.0118551055022667 + -0.0237608464300636*x31 + 0.0474204220090668 - 0.0474204220090668*x31^2 + -0.0953386462740295*x31^3 + 0.238346615685074*x31 + -0.189681688036267*x31^4 + 0.853567596163203*x31^2 - 0.379363376072535 + -0.00992009231882682 + -0.0198367977787252*x32 + 0.0396513100903348 - 0.0396513100903348*x32^2 + -0.0793471911149008*x32^3 + 0.198367977787252*x32 + -0.160661690719906*x32^4 + 0.722977608239577*x32^2 - 0.321323381439812