Нормовані значення Х:
q   X11   X12   X21   X22   X31   X32
1       0.000   0.667   0.000   0.556   0.000   0.250
2       0.050   0.600   0.100   0.506   0.090   0.300
3       0.100   0.533   0.153   0.450   0.140   0.350
4       0.150   0.467   0.205   0.394   0.190   0.400
5       0.200   0.400   0.258   0.339   0.240   0.450
6       0.250   0.333   0.311   0.283   0.290   0.500
7       0.300   0.267   0.363   0.228   0.340   0.200
8       0.350   0.200   0.416   0.172   0.390   0.150
9       0.400   0.133   0.468   0.117   0.440   0.100
10       0.450   0.067   0.521   0.061   0.490   0.050
11       0.500   0.000   0.526   0.000   0.500   0.000
12       1.000   1.000   0.947   0.611   1.000   0.600
13       0.600   0.867   0.737   0.833   0.800   0.850
14       0.400   0.067   0.368   0.333   0.250   0.300
15       0.350   0.133   0.316   0.389   0.200   0.350
16       0.300   0.200   0.263   0.444   0.150   0.400
17       0.250   0.267   0.211   0.500   0.100   0.450
18       0.200   0.333   0.158   0.556   0.050   0.500
19       0.150   0.400   0.105   1.000   0.000   0.550
20       0.100   0.467   0.053   0.000   0.550   0.600
21       0.050   0.533   0.000   0.056   0.150   0.250
22       0.000   0.600   0.579   0.111   0.200   0.200
23       0.450   0.667   0.789   0.167   0.250   0.150
24       0.900   0.733   1.000   0.222   0.300   0.100
25       0.050   0.800   1.000   0.722   0.350   0.050
26       0.000   0.867   0.105   0.278   0.400   0.000
27       0.350   0.400   0.263   0.222   0.150   0.100
28       0.300   0.333   0.211   0.167   0.200   0.200
29       0.250   0.267   0.158   0.111   0.250   0.300
30       0.200   0.200   0.105   0.056   0.300   0.400
31       0.150   0.133   0.053   0.000   0.350   0.500
32       0.100   0.067   0.000   0.833   0.400   0.600
33       0.050   0.000   0.211   0.722   0.450   0.700
34       0.000   0.200   0.684   0.611   0.500   0.800
35       0.250   0.267   0.263   0.500   0.550   0.900
36       0.200   0.333   0.211   0.389   0.600   1.000
37       0.150   0.400   0.158   0.278   0.650   0.400
38       0.100   0.467   0.132   0.167   0.700   0.150
39       0.050   0.533   0.074   0.056   0.750   0.200
40       0.000   0.600   0.016   0.000   0.800   0.050


Нормовані значення Y:
q    Y1    Y2    Y3    Y4    Y5
1       0.064   0.064   0.064   0.064   0.064
2       0.073   0.073   0.073   0.073   0.073
3       0.074   0.074   0.074   0.074   0.074
4       0.078   0.078   0.078   0.078   0.078
5       0.085   0.085   0.085   0.085   0.085
6       0.095   0.095   0.095   0.095   0.095
7       0.062   0.062   0.062   0.062   0.062
8       0.065   0.065   0.065   0.065   0.065
9       0.071   0.071   0.071   0.071   0.071
10       0.080   0.080   0.080   0.080   0.080
11       0.066   0.066   0.066   0.066   0.066
12       1.000   1.000   1.000   1.000   1.000
13       0.792   0.792   0.792   0.792   0.792
14       0.014   0.014   0.014   0.014   0.014
15       0.019   0.019   0.019   0.019   0.019
16       0.028   0.028   0.028   0.028   0.028
17       0.039   0.039   0.039   0.039   0.039
18       0.054   0.054   0.054   0.054   0.054
19       0.179   0.179   0.179   0.179   0.179
20       0.200   0.200   0.200   0.200   0.200
21       0.000   0.000   0.000   0.000   0.000
22       0.069   0.069   0.069   0.069   0.069
23       0.197   0.197   0.197   0.197   0.197
24       0.328   0.328   0.328   0.328   0.328
25       0.300   0.300   0.300   0.300   0.300
26       0.170   0.170   0.170   0.170   0.170
27       0.027   0.027   0.027   0.027   0.027
28       0.016   0.016   0.016   0.016   0.016
29       0.008   0.008   0.008   0.008   0.008
30       0.002   0.002   0.002   0.002   0.002
31       0.000   0.000   0.000   0.000   0.000
32       0.133   0.133   0.133   0.133   0.133
33       0.128   0.128   0.128   0.128   0.128
34       0.230   0.230   0.230   0.230   0.230
35       0.277   0.277   0.277   0.277   0.277
36       0.307   0.307   0.307   0.307   0.307
37       0.252   0.252   0.252   0.252   0.252
38       0.251   0.251   0.251   0.251   0.251
39       0.292   0.292   0.292   0.292   0.292
40       0.314   0.314   0.314   0.314   0.314


Лямбди:
1       0.565   -0.174   0.565   -0.174   0.565   -0.174
2       0.565   -0.174   -0.174   0.000   0.000   0.565
3       0.565   -0.174   0.000   0.565   -0.294   -0.000   0.565   -0.083


PSI:
q   PSI11   PSI12   PSI21   PSI22   PSI31   PSI32
1       0.956   0.216   0.953   -1.144   -0.740   0.437
2       0.797   0.263   0.886   -1.005   -2.571   0.381
3       0.640   0.286   0.818   -0.846   -3.477   0.346
4       0.486   0.308   0.748   -0.685   -4.344   0.309
5       0.335   0.329   0.677   -0.519   -5.172   0.270
6       0.187   0.349   0.604   -0.350   -5.962   0.229
7       0.042   0.368   0.530   -0.178   -6.714   0.185
8       -0.101   0.386   0.454   -0.002   -7.429   0.139
9       -0.240   0.404   0.376   0.177   -8.106   0.092
10       -0.377   0.420   0.297   0.360   -8.748   0.042
11       -0.511   0.421   0.216   0.565   -8.810   0.031
12       -1.696   0.516   1.263   -1.296   -12.667   -0.567
13       -0.771   0.476   1.144   -1.869   -11.009   -0.309
14       -0.240   0.370   0.297   -0.502   -6.787   0.262
15       -0.101   0.351   0.376   -0.668   -6.039   0.302
16       0.042   0.331   0.454   -0.830   -5.253   0.339
17       0.187   0.310   0.530   -0.989   -4.429   0.374
18       0.335   0.288   0.604   -1.144   -3.566   0.407
19       0.486   0.265   0.677   -2.261   -2.664   0.437
20       0.640   0.241   0.748   0.565   -1.722   -0.021
21       0.797   0.216   0.818   0.379   -0.740   0.339
22       0.956   0.437   0.886   0.195   -9.412   0.302
23       -0.377   0.488   0.953   0.016   -11.473   0.262
24       -1.481   0.523   1.018   -0.161   -13.001   0.220
25       0.797   0.523   1.082   -1.589   -13.001   0.176
26       0.956   0.265   1.144   -0.333   -2.664   0.130
27       -0.101   0.331   0.677   -0.161   -5.253   0.339
28       0.042   0.310   0.604   0.016   -4.429   0.302
29       0.187   0.288   0.530   0.195   -3.566   0.262
30       0.335   0.265   0.454   0.379   -2.664   0.220
31       0.486   0.241   0.376   0.565   -1.722   0.176
32       0.640   0.216   0.297   -1.869   -0.740   0.130
33       0.797   0.310   0.216   -1.589   -4.429   0.082
34       0.956   0.464   0.454   -1.296   -10.511   0.031
35       0.187   0.331   0.530   -0.989   -5.253   -0.021
36       0.335   0.310   0.604   -0.668   -4.429   -0.075
37       0.486   0.288   0.677   -0.333   -3.566   -0.131
38       0.640   0.277   0.748   0.016   -3.120   -0.188
39       0.797   0.251   0.818   0.379   -2.103   -0.248
40       0.956   0.224   0.886   0.565   -1.039   -0.309


PSI через поліном:
PSI11 = 0.5653 * T0(x11) - 0.1745 * T1(x11) + 0.5653 * T2(x11)
PSI12 = -0.1745 * T0(x12) + 0.5653 * T1(x12) - 0.1745 * T2(x12)
PSI21 = 0.5653 * T0(x21) - 0.1745 * T1(x21) - 0.1745 * T2(x21)
PSI22 = 0.0000 * T0(x22) + 0.0000 * T1(x22) + 0.5653 * T2(x22)
PSI31 = 0.5653 * T0(x31) - 0.1745 * T1(x31) + 0.0000 * T2(x31) + 0.5653 * T3(x31)
PSI32 = -0.2944 * T0(x32) - 0.0000 * T1(x32) + 0.5653 * T2(x32) - 0.0828 * T3(x32)


a:
-0.078   0.126   0.279   -0.090   0.002   -0.574


Ф(xi):
q    Ф1    Ф2    Ф3
1       -0.048   0.369   -0.252
2       -0.029   0.338   -0.222
3       -0.014   0.305   -0.204
4       0.001   0.271   -0.184
5       0.015   0.236   -0.163
6       0.029   0.200   -0.140
7       0.043   0.164   -0.117
8       0.057   0.127   -0.091
9       0.070   0.089   -0.065
10       0.082   0.050   -0.037
11       0.093   0.009   -0.032
12       0.198   0.470   0.306
13       0.120   0.488   0.160
14       0.065   0.128   -0.161
15       0.052   0.165   -0.182
16       0.038   0.202   -0.203
17       0.024   0.237   -0.221
18       0.010   0.272   -0.239
19       -0.005   0.393   -0.255
20       -0.020   0.158   0.009
21       -0.035   0.194   -0.196
22       -0.020   0.230   -0.188
23       0.091   0.265   -0.168
24       0.182   0.299   -0.146
25       0.004   0.446   -0.121
26       -0.041   0.349   -0.079
27       0.050   0.203   -0.203
28       0.036   0.167   -0.180
29       0.022   0.130   -0.156
30       0.007   0.092   -0.130
31       -0.008   0.054   -0.104
32       -0.023   0.252   -0.076
33       -0.023   0.204   -0.054
34       -0.016   0.244   -0.034
35       0.027   0.237   0.004
36       0.013   0.229   0.036
37       -0.002   0.219   0.069
38       -0.015   0.207   0.103
39       -0.031   0.194   0.139
40       -0.047   0.196   0.175


Ф(Xi) через поліном:
Ф1 = -0.0783 * PSI(x11) + 0.1261 * PSI(x12)
Ф2 = 0.2792 * PSI(x21) - 0.0904 * PSI(x22)
Ф3 = 0.0015 * PSI(x31) - 0.5736 * PSI(x32)


c:
1.000   1.000   1.000


Ф1(x1, x2, x3):
0.070   0.087   0.087   0.087   0.088   0.089   0.091   0.092   0.094   0.095   0.071   0.974   0.769   0.033   0.035   0.038   0.040   0.043   0.134   0.147   -0.037   0.022   0.188   0.334   0.328   0.229   0.051   0.023   -0.004   -0.031   -0.057   0.153   0.127   0.193   0.268   0.278   0.287   0.295   0.302   0.325


Ф1(x1, x2, x3) = 1.0000 * Ф(x1) + 1.0000 * Ф(x2) + 1.0000 * Ф(x3)


Ф1(x1, x2, x3) через поліном:
-0.04425722044409922*T0(x11) + 0.013659552547465946*T1(x11) + -0.04425722044409922*T2(x11) + -0.022003352664180086*T0(x12) + 0.07129129786528272*T1(x12) + -0.022003352664180086*T2(x12) + 0.15780247276439863*T0(x21) + -0.04870416956184512*T1(x21) + -0.04870416956184512*T2(x21) + -8.681499458184423e-08*T0(x22) + -8.681499458184423e-08*T1(x22) + -0.05110066421569644*T2(x22) + 0.000870850056276682*T0(x31) + -0.00026877924065972427*T1(x31) + 1.4794884582740159e-09*T2(x31) + 0.000870850056276682*T3(x31) + 0.1688736844611337*T0(x32) + 1.1111297228582507e-06*T1(x32) + -0.32425955480435376*T2(x32) + 0.04752029261917007*T3(x32)

Ф1(x1, x2, x3) у вигляді багаточлену (у нормованому вигляді):
-0.0442572204440992 + 0.0136595525474659 - 0.0136595525474659*x11 + -0.0442572204440992*x11^2 + 0.265543322664595*x11 - 0.0442572204440992 + -0.0220033526641801 + 0.0712912978652827 - 0.0712912978652827*x12 + -0.0220033526641801*x12^2 + 0.132020115985081*x12 - 0.0220033526641801 + 0.157802472764399 + 0.0487041695618451*x21 - 0.0487041695618451 + -0.0487041695618451*x21^2 + 0.292225017371071*x21 - 0.0487041695618451 + -8.68149945818442e-8 + 8.68149945818442e-8*x22 - 8.68149945818442e-8 + -0.0511006642156964*x22^2 + 0.306603985294179*x22 - 0.0511006642156964 + 0.000870850056276682 + 0.000268779240659724*x31 - 0.000268779240659724 + 1.47948845827402e-9*x31^2 - 8.87693074964409e-9*x31 + 1.47948845827402e-9 + -0.000870850056276682*x31^3 + 0.0113210507315969*x31^2 - 0.0296089019134072*x31 - 0.00174170011255336 + 0.168873684461134 + 1.11112972285825e-6 - 1.11112972285825e-6*x32 + -0.324259554804354*x32^2 + 1.94555732882612*x32 - 0.324259554804354 + -0.0475202926191701*x32^3 + 0.617763804049211*x32^2 - 1.61568994905178*x32 - 0.0950405852383401

Ф1(x1, x2, x3) у вигляді багаточлену (у ненормованому вигляді):
-0.0468204558337978 + 0.0434661032400413*x11 - 0.0434661032400413 + -0.0468204558337978*x11^2 + 0.280922735002787*x11 - 0.0468204558337978 + -0.0240561477614613 + 0.0153522559440467*x12 - 0.0153522559440467 + -0.0240561477614613*x12^2 + 0.144336886568768*x12 - 0.0240561477614613 + -0.0161169107604906 + 0.0587619040853498*x21 - 0.0587619040853498 + -0.0587619040853498*x21^2 + 0.352571424512099*x21 - 0.0587619040853498 + -0.0511006686519928 + 0.0511006686519928*x22 - 0.0511006686519928 + -0.0537119376626779*x22^2 + 0.322271625976067*x22 - 0.0537119376626779 + -0.000267786794422353 + 0.000269085549356788*x31 - 0.000269085549356788 + -0.000268779238973656*x31^2 + 0.00161267543384194*x31 - 0.000268779238973656 + 0.000267786794422353*x31^3 - 0.00348122832749058*x31^2 + 0.00910475101035999*x31 + 0.000535573588844705 + -0.240982327759337 + 0.324259006869354*x32 - 0.324259006869354 + -0.48416271942781*x32^2 + 2.90497631656686*x32 - 0.48416271942781 + 0.300825718974219*x32^3 - 3.91073434666484*x32^2 + 10.2280744451234*x32 + 0.601651437948437