Нормовані значення Х:
q   X11   X12   X21   X22   X31   X32
1       0.000   0.667   0.000   0.556   0.000   0.250
2       0.050   0.600   0.100   0.506   0.090   0.300
3       0.100   0.533   0.153   0.450   0.140   0.350
4       0.150   0.467   0.205   0.394   0.190   0.400
5       0.200   0.400   0.258   0.339   0.240   0.450
6       0.250   0.333   0.311   0.283   0.290   0.500
7       0.300   0.267   0.363   0.228   0.340   0.200
8       0.350   0.200   0.416   0.172   0.390   0.150
9       0.400   0.133   0.468   0.117   0.440   0.100
10       0.450   0.067   0.521   0.061   0.490   0.050
11       0.500   0.000   0.526   0.000   0.500   0.000
12       1.000   1.000   0.947   0.611   1.000   0.600
13       0.600   0.867   0.737   0.833   0.800   0.850
14       0.400   0.067   0.368   0.333   0.250   0.300
15       0.350   0.133   0.316   0.389   0.200   0.350
16       0.300   0.200   0.263   0.444   0.150   0.400
17       0.250   0.267   0.211   0.500   0.100   0.450
18       0.200   0.333   0.158   0.556   0.050   0.500
19       0.150   0.400   0.105   1.000   0.000   0.550
20       0.100   0.467   0.053   0.000   0.550   0.600
21       0.050   0.533   0.000   0.056   0.150   0.250
22       0.000   0.600   0.579   0.111   0.200   0.200
23       0.450   0.667   0.789   0.167   0.250   0.150
24       0.900   0.733   1.000   0.222   0.300   0.100
25       0.050   0.800   1.000   0.722   0.350   0.050
26       0.000   0.867   0.105   0.278   0.400   0.000
27       0.350   0.400   0.263   0.222   0.150   0.100
28       0.300   0.333   0.211   0.167   0.200   0.200
29       0.250   0.267   0.158   0.111   0.250   0.300
30       0.200   0.200   0.105   0.056   0.300   0.400
31       0.150   0.133   0.053   0.000   0.350   0.500
32       0.100   0.067   0.000   0.833   0.400   0.600
33       0.050   0.000   0.211   0.722   0.450   0.700
34       0.000   0.200   0.684   0.611   0.500   0.800
35       0.250   0.267   0.263   0.500   0.550   0.900
36       0.200   0.333   0.211   0.389   0.600   1.000
37       0.150   0.400   0.158   0.278   0.650   0.400
38       0.100   0.467   0.132   0.167   0.700   0.150
39       0.050   0.533   0.074   0.056   0.750   0.200
40       0.000   0.600   0.016   0.000   0.800   0.050


Нормовані значення Y:
q    Y1    Y2    Y3    Y4    Y5
1       0.064   0.064   0.064   0.064   0.064
2       0.073   0.073   0.073   0.073   0.073
3       0.074   0.074   0.074   0.074   0.074
4       0.078   0.078   0.078   0.078   0.078
5       0.085   0.085   0.085   0.085   0.085
6       0.095   0.095   0.095   0.095   0.095
7       0.062   0.062   0.062   0.062   0.062
8       0.065   0.065   0.065   0.065   0.065
9       0.071   0.071   0.071   0.071   0.071
10       0.080   0.080   0.080   0.080   0.080
11       0.066   0.066   0.066   0.066   0.066
12       1.000   1.000   1.000   1.000   1.000
13       0.792   0.792   0.792   0.792   0.792
14       0.014   0.014   0.014   0.014   0.014
15       0.019   0.019   0.019   0.019   0.019
16       0.028   0.028   0.028   0.028   0.028
17       0.039   0.039   0.039   0.039   0.039
18       0.054   0.054   0.054   0.054   0.054
19       0.179   0.179   0.179   0.179   0.179
20       0.200   0.200   0.200   0.200   0.200
21       0.000   0.000   0.000   0.000   0.000
22       0.069   0.069   0.069   0.069   0.069
23       0.197   0.197   0.197   0.197   0.197
24       0.328   0.328   0.328   0.328   0.328
25       0.300   0.300   0.300   0.300   0.300
26       0.170   0.170   0.170   0.170   0.170
27       0.027   0.027   0.027   0.027   0.027
28       0.016   0.016   0.016   0.016   0.016
29       0.008   0.008   0.008   0.008   0.008
30       0.002   0.002   0.002   0.002   0.002
31       0.000   0.000   0.000   0.000   0.000
32       0.133   0.133   0.133   0.133   0.133
33       0.128   0.128   0.128   0.128   0.128
34       0.230   0.230   0.230   0.230   0.230
35       0.277   0.277   0.277   0.277   0.277
36       0.307   0.307   0.307   0.307   0.307
37       0.252   0.252   0.252   0.252   0.252
38       0.251   0.251   0.251   0.251   0.251
39       0.292   0.292   0.292   0.292   0.292
40       0.314   0.314   0.314   0.314   0.314


Лямбди:
1       0.012   0.070   0.012   0.070   0.012   0.070   0.012   0.070
2       0.012   0.070   0.070   0.078
3       0.012   0.070   0.078   -0.036   0.012   0.109


PSI:
q   PSI11   PSI12   PSI21   PSI22   PSI31   PSI32
1       0.004   0.004   0.059   0.113   -0.040   -0.108
2       0.001   -0.002   0.054   0.109   -0.031   -0.105
3       -0.002   -0.005   0.049   0.105   -0.026   -0.103
4       -0.004   -0.006   0.045   0.101   -0.020   -0.099
5       -0.006   -0.008   0.040   0.096   -0.013   -0.095
6       -0.008   -0.008   0.035   0.092   -0.005   -0.089
7       -0.008   -0.007   0.031   0.088   0.003   -0.083
8       -0.007   -0.004   0.026   0.083   0.012   -0.076
9       -0.005   -0.001   0.021   0.079   0.022   -0.068
10       -0.002   0.005   0.017   0.075   0.032   -0.059
11       0.003   0.006   0.012   0.070   0.033   -0.057
12       0.164   0.135   0.082   0.117   0.143   0.085
13       0.017   0.049   0.073   0.135   0.082   0.018
14       -0.005   -0.007   0.017   0.096   0.004   -0.094
15       -0.007   -0.008   0.021   0.100   -0.005   -0.098
16       -0.008   -0.008   0.026   0.104   -0.012   -0.102
17       -0.008   -0.007   0.031   0.109   -0.019   -0.105
18       -0.006   -0.005   0.035   0.113   -0.025   -0.107
19       -0.004   -0.002   0.040   0.148   -0.031   -0.108
20       -0.002   0.001   0.045   0.070   -0.036   -0.047
21       0.001   0.004   0.049   0.074   -0.040   -0.102
22       0.004   0.013   0.054   0.079   0.044   -0.098
23       -0.002   0.066   0.059   0.083   0.096   -0.094
24       0.111   0.164   0.063   0.087   0.160   -0.088
25       0.001   0.164   0.068   0.126   0.160   -0.082
26       0.004   -0.002   0.073   0.091   -0.031   -0.074
27       -0.007   -0.008   0.040   0.087   -0.012   -0.102
28       -0.008   -0.007   0.035   0.083   -0.019   -0.098
29       -0.008   -0.005   0.031   0.079   -0.025   -0.094
30       -0.006   -0.002   0.026   0.074   -0.031   -0.088
31       -0.004   0.001   0.021   0.070   -0.036   -0.082
32       -0.002   0.004   0.017   0.135   -0.040   -0.074
33       0.001   -0.007   0.012   0.126   -0.019   -0.066
34       0.004   0.035   0.026   0.117   0.069   -0.057
35       -0.008   -0.008   0.031   0.109   -0.012   -0.047
36       -0.006   -0.007   0.035   0.100   -0.019   -0.036
37       -0.004   -0.005   0.040   0.091   -0.025   -0.024
38       -0.002   -0.004   0.045   0.083   -0.028   -0.011
39       0.001   -0.000   0.049   0.074   -0.034   0.003
40       0.004   0.003   0.054   0.070   -0.038   0.018


PSI через поліном:
PSI11 = 0.0122 * T0(x11) + 0.0699 * T1(x11) + 0.0122 * T2(x11) + 0.0699 * T3(x11)
PSI12 = 0.0122 * T0(x12) + 0.0699 * T1(x12) + 0.0122 * T2(x12) + 0.0699 * T3(x12)
PSI21 = 0.0122 * T0(x21) + 0.0699 * T1(x21)
PSI22 = 0.0699 * T0(x22) + 0.0776 * T1(x22)
PSI31 = 0.0122 * T0(x31) + 0.0699 * T1(x31) + 0.0776 * T2(x31)
PSI32 = -0.0356 * T0(x32) + 0.0122 * T1(x32) + 0.1086 * T2(x32)


a:
0.856   -0.757   2.923   2.722   1.094   3.084


Ф(xi):
q    Ф1    Ф2    Ф3
1       0.000   0.479   -0.376
2       0.002   0.455   -0.359
3       0.002   0.430   -0.345
4       0.001   0.404   -0.327
5       0.000   0.379   -0.306
6       -0.001   0.354   -0.281
7       -0.002   0.328   -0.253
8       -0.003   0.303   -0.221
9       -0.004   0.278   -0.185
10       -0.006   0.252   -0.146
11       -0.002   0.226   -0.139
12       0.038   0.559   0.419
13       -0.023   0.579   0.144
14       0.000   0.310   -0.285
15       -0.000   0.335   -0.308
16       -0.001   0.361   -0.328
17       -0.001   0.386   -0.345
18       -0.002   0.411   -0.357
19       -0.002   0.519   -0.367
20       -0.002   0.321   -0.182
21       -0.002   0.346   -0.358
22       -0.007   0.372   -0.255
23       -0.052   0.397   -0.183
24       -0.029   0.423   -0.097
25       -0.123   0.542   -0.077
26       0.005   0.462   -0.262
27       -0.000   0.354   -0.328
28       -0.002   0.329   -0.324
29       -0.003   0.304   -0.316
30       -0.004   0.278   -0.305
31       -0.004   0.253   -0.290
32       -0.005   0.416   -0.272
33       0.006   0.378   -0.224
34       -0.023   0.396   -0.099
35       -0.001   0.386   -0.157
36       -0.000   0.376   -0.130
37       -0.000   0.366   -0.100
38       0.001   0.356   -0.064
39       0.001   0.346   -0.028
40       0.001   0.348   0.012


Ф(Xi) через поліном:
Ф1 = 0.8561 * PSI(x11) - 0.7572 * PSI(x12)
Ф2 = 2.9227 * PSI(x21) + 2.7224 * PSI(x22)
Ф3 = 1.0942 * PSI(x31) + 3.0844 * PSI(x32)


c:
1.000   1.000   1.000


Ф1(x1, x2, x3):
0.103   0.098   0.086   0.078   0.073   0.072   0.074   0.080   0.089   0.101   0.085   1.017   0.700   0.026   0.027   0.031   0.040   0.052   0.150   0.136   -0.014   0.110   0.162   0.297   0.342   0.204   0.026   0.003   -0.016   -0.031   -0.042   0.139   0.160   0.273   0.228   0.245   0.266   0.293   0.320   0.362


Ф1(x1, x2, x3) = 1.0000 * Ф(x1) + 1.0000 * Ф(x2) + 1.0000 * Ф(x3)


Ф1(x1, x2, x3) через поліном:
0.010419021189755635*T0(x11) + 0.059826427495336836*T1(x11) + 0.010419021189755635*T2(x11) + 0.059826427495336836*T3(x11) + -0.009215607205897489*T0(x12) + -0.052916377295712226*T1(x12) + -0.009215607205897489*T2(x12) + -0.052916377295712226*T3(x12) + 0.03557070290932113*T0(x21) + 0.20424836842208*T1(x21) + 0.19025130780961835*T0(x22) + 0.2113169186784877*T1(x22) + 0.013317246030516509*T0(x31) + 0.07646814797397915*T1(x31) + 0.0849350976503247*T2(x31) + -0.1097397371025072*T0(x32) + 0.03753834570744663*T1(x32) + 0.3349935646850551*T2(x32)

Ф1(x1, x2, x3) у вигляді багаточлену (у нормованому вигляді):
0.0104190211897556 + 0.0598264274953368*x11 + 0.0173650353162594*x11^2 - 0.00694601412650376 + 0.174493746861399*x11^3 - 0.114667319366062*x11 + -0.00921560720589749 + -0.0529163772957122*x12 + 0.00614373813726499 - 0.0153593453431625*x12^2 + -0.154339433779161*x12^3 + 0.101423056483448*x12 + 0.0355707029093211 + 0.20424836842208*x21 + 0.190251307809618 + 0.211316918678488*x22 + 0.0133172460305165 + 0.0764681479739791*x31 + 0.141558496083874*x31^2 - 0.0566233984335498 + -0.109739737102507 + 0.0375383457074466*x32 + 0.558322607808425*x32^2 - 0.22332904312337

Ф1(x1, x2, x3) у вигляді багаточлену (у ненормованому вигляді):
0.0109337980029844 + 0.0133748898008291*x11 + 0.0182229966716406*x11^2 - 0.00728919866865623 + 0.0390100952524183*x11^3 - 0.0256352054515892*x11 + -0.0533191064274552 + -0.055228863733898*x12 + 0.0355460709516368 - 0.088865177379092*x12^2 + -0.161084185890536*x12^3 + 0.105855322156638*x12 + 0.0415706860367133 + 0.0700228408795475*x21 + 0.194259067827229 + 0.194702827788508*x22 + 0.0142709985807145 + 0.0187937305057585*x31 + 0.032333525418919*x31^2 - 0.0129334101675676 + -0.158544652721404 + -0.0930451846723915*x32 + 0.0654050949957712*x32^2 - 0.0261620379983085